065 1
122 1
089 1
000 1
125 1
019 1
095 1
068 1
144 1
053 1
064 1
132 1
140 1
043 1
038 1
120 1
134 1
156 1
148 1
001 1
007 1
002 1
010 1
003 1
028 1
009 1
008 1
024 1
020 1
062 1
128 1
011 1
013 1
015 1
012 1
014 1
005 1
017 1
025 1
004 1
018 1
027 1
016 1
026 1
006 1
021 1
031 1
030 1
045 1
022 1
029 1
034 1
037 1
092 1
033 1
039 1
032 1
041 1
044 1
023 1
047 1
042 1
049 1
048 1
051 1
046 1
040 1
050 1
058 1
035 1
052 1
073 1
054 1
063 1
036 1
076 1
069 1
082 1
077 1
110 1
119 1
101 1
137 1
104 1
152 1
091 1
149 1
151 1
159 1
055 1
061 1
057 1
059 1
071 1
060 1
067 1
066 1
086 1
072 1
079 1
078 1
075 1
093 1
074 1
090 1
084 1
099 1
085 1
070 1
100 1
102 1
098 1
094 1
106 1
105 1
112 1
103 1
111 1
108 1
114 1
117 1
116 1
096 1
113 1
124 1
118 1
135 1
123 1
129 1
121 1
131 1
126 1
130 1
138 1
139 1
142 1
141 1
136 1
146 1
143 1
147 1
153 1
150 1
157 1
154 1
081 1
133 1
145 1
158 1
107 1
056 1
088 1
097 1
155 1
115 1
087 1
083 1
109 1
080 1
127 1
